0 0.06328125 0.50234375 0.1265625 0.240625
0 0.2453125 0.82890625 0.35 0.34140625
0 0.3703125 0.3140625 0.10703125 0.1640625
0 0.08828125 0.21875 0.1640625 0.15234375
0 0.2375 0.13515625 0.08984375 0.1171875
0 0.21171875 0.228125 0.078125 0.08984375
0 0.3828125 0.47265625 0.06640625 0.096875
0 0.278125 0.45390625 0.1 0.1265625
0 0.28203125 0.57109375 0.10234375 0.11796875
0 0.58984375 0.39140625 0.16484375 0.21015625
0 0.55078125 0.50546875 0.18125 0.2421875
0 0.65 0.6234375 0.1296875 0.20625
1 0.034375 0.5140625 0.06328125 0.08203125