0 0.20234375 0.18671875 0.18515625 0.1640625
0 0.11171875 0.315625 0.196875 0.215625
0 0.29609375 0.40234375 0.18203125 0.2578125
0 0.46796875 0.42890625 0.16953125 0.1546875
0 0.90859375 0.7078125 0.12265625 0.23046875
0 0.77890625 0.77578125 0.14765625 0.203125
0 0.47265625 0.54765625 0.090625 0.1203125
0 0.1609375 0.48984375 0.08828125 0.1515625
0 0.04453125 0.42578125 0.08828125 0.18515625
1 0.29375 0.4203125 0.06796875 0.08828125
1 0.46015625 0.56328125 0.03359375 0.03984375
1 0.11796875 0.33359375 0.06171875 0.0625
1 0.16640625 0.46171875 0.04296875 0.05390625
1 0.03515625 0.428125 0.0390625 0.06484375