0 0.3421875 0.33828125 0.14921875 0.18203125
0 0.3046875 0.75546875 0.08046875 0.12421875
0 0.41484375 0.8140625 0.13515625 0.15078125
0 0.64375 0.453125 0.11953125 0.1609375
0 0.62265625 0.540625 0.0640625 0.10234375
0 0.853125 0.92578125 0.08984375 0.1484375
0 0.68515625 0.1390625 0.07265625 0.1109375
0 0.73125 0.06484375 0.06796875 0.1265625
1 0.36875 0.303125 0.0390625 0.05703125
1 0.65078125 0.45 0.03359375 0.059375
0 0.6375 0.9125 0.05546875 0.09921875
0 0.671875 0.6765625 0.109375 0.14453125
0 0.88046875 0.77421875 0.05078125 0.23125