0 0.34296875 0.1578125 0.1890625 0.184375
0 0.41171875 0.40703125 0.19296875 0.26328125
0 0.5546875 0.4703125 0.1484375 0.1625
0 0.8625 0.9 0.1578125 0.16328125
0 0.96484375 0.81875 0.06953125 0.25
0 0.09921875 0.4 0.13046875 0.19140625
0 0.23828125 0.2765625 0.21328125 0.21640625
0 0.2421875 0.465625 0.09921875 0.15
0 0.5390625 0.61640625 0.09140625 0.10078125
1 0.23125 0.30078125 0.0765625 0.07109375
1 0.1171875 0.39140625 0.0421875 0.06953125
1 0.24296875 0.44609375 0.0390625 0.05859375
1 0.40546875 0.42578125 0.059375 0.0890625
1 0.53203125 0.6078125 0.03515625 0.05390625