1 0.32734375 0.26328125 0.04140625 0.1109375
1 0.20078125 0.35703125 0.0703125 0.09296875
1 0.5578125 0.54453125 0.128125 0.11484375
1 0.68046875 0.81796875 0.0859375 0.0921875
0 0.77265625 0.4 0.203125 0.37109375
0 0.34765625 0.240625 0.1859375 0.2875
0 0.1921875 0.3515625 0.1984375 0.34375
0 0.29921875 0.54296875 0.16640625 0.19296875
1 0.31796875 0.53125 0.04609375 0.05078125
0 0.6015625 0.51328125 0.31953125 0.41796875
0 0.72421875 0.82890625 0.27109375 0.34140625
0 0.55078125 0.9296875 0.078125 0.140625