0 0.09279960707269155 0.45696335078534034 0.1831335952848723 0.2300261780104712
0 0.2691257367387034 0.8125 0.27303536345776036 0.375
0 0.6434184675834971 0.36108638743455496 0.1719056974459725 0.2116884816753927
0 0.5834381139489195 0.4801701570680629 0.15509823182711185 0.24373036649214663
0 0.7010707269155206 0.6024083769633508 0.1401080550098233 0.20226439790575912
0 0.40756385068762274 0.2875523560209424 0.1004813359528487 0.17260471204188482
0 0.41779960707269154 0.4512434554973822 0.07184675834970529 0.09425392670157066
0 0.3181041257367387 0.43339005235602096 0.07873280943025537 0.13379581151832465
0 0.3234479371316306 0.5518848167539266 0.08206286836935163 0.11556282722513084
0 0.278909626719057 0.10776178010471205 0.07647347740667979 0.11082460732984292
0 0.1218664047151277 0.186413612565445 0.1626817288801572 0.15031413612565445
0 0.2431041257367387 0.20629581151832463 0.07609037328094301 0.12134816753926699