0 0.34240410052910053 0.33862445414847164 0.1490939153439154 0.18234716157205239
0 0.30477182539682546 0.7553002183406113 0.0804464285714286 0.12413755458515288
0 0.41494708994708995 0.8140884279475983 0.13544973544973543 0.15073689956331882
0 0.6439451058201058 0.4532969432314411 0.11946097883597884 0.16059497816593887
0 0.623015873015873 0.540796943231441 0.06437500000000003 0.10270196506550223
0 0.8530886243386243 0.925764192139738 0.09021494708994722 0.14847161572052403
0 0.6855224867724867 0.13921943231441047 0.07254298941798938 0.1110371179039301
0 0.7315707671957672 0.06502729257641922 0.06763558201058192 0.12641921397379913
1 0.3688624338624339 0.3033024017467249 0.03887235449735456 0.057117903930131025
1 0.6505687830687831 0.44980349344978166 0.03350529100529106 0.05900109170305672
0 0.6372189153439154 0.9121288209606987 0.055300925925925934 0.09936681222707422
0 0.6721064814814816 0.6765229257641922 0.10964947089947095 0.14489082969432318
0 0.8806580687830688 0.7743886462882097 0.05055886243386254 0.23146288209606986