1 0.3276424361493124 0.26336387434554975 0.041335952848723025 0.111151832460733
1 0.20098231827111984 0.3572905759162304 0.07042239685658153 0.09285340314136128
1 0.5576817288801572 0.5448298429319371 0.12813359528487236 0.11452879581151833
1 0.680196463654224 0.8182198952879581 0.08584479371316317 0.09195026178010471
0 0.7728094302554028 0.3999607329842932 0.2029862475442042 0.37126963350785336
0 0.3479567779960708 0.24094240837696337 0.1858840864440079 0.2875523560209424
0 0.1924165029469548 0.3518455497382199 0.19818271119842829 0.3437434554973822
0 0.29915520628683695 0.5429712041884817 0.16609037328094306 0.19263089005235598
1 0.3178585461689587 0.5309554973821989 0.04632612966601175 0.05078534031413607
0 0.6017976424361493 0.5133376963350785 0.3194990176817289 0.41803664921465966
0 0.7239685658153242 0.8291884816753927 0.27111984282907664 0.3416230366492147
0 0.5510609037328095 0.9294502617801047 0.07804518664047155 0.1404450261780104