0 0.2019842829076621 0.18691099476439793 0.18540275049115915 0.16439790575916233
0 0.11198428290766209 0.3156020942408377 0.1969548133595285 0.21561518324607332
0 0.2959233791748527 0.40212041884816757 0.18172888015717092 0.2577879581151833
0 0.46798624754420437 0.42905759162303664 0.1697544204322201 0.15458115183246077
0 0.9084970530451867 0.7074476439790576 0.12249508840864444 0.2303272251308901
0 0.7785461689587426 0.7754842931937174 0.1474754420432221 0.20278795811518333
0 0.4725540275049116 0.5476701570680629 0.09049115913555993 0.12019633507853408
0 0.16074656188605108 0.48968586387434554 0.08819253438113947 0.15147905759162306
0 0.04420432220039293 0.4259031413612565 0.08840864440078586 0.18549738219895293
1 0.29413555992141455 0.42028795811518327 0.0676424361493124 0.08797120418848173
1 0.459950884086444 0.5629581151832461 0.03334970530451871 0.039541884816753976
1 0.1181434184675835 0.33383507853403144 0.06192534381139488 0.062290575916230405
1 0.16624754420432222 0.4620026178010472 0.04270137524557959 0.05357329842931931
1 0.03546168958742633 0.4281937172774869 0.038998035363457764 0.06450261780104709