0 0.06335952848722987 0.5026178010471204 0.12671905697445973 0.24083769633507854
0 0.2455795677799607 0.8291884816753927 0.34970530451866405 0.3416230366492147
0 0.3701277013752456 0.3143324607329843 0.10666011787819257 0.16400523560209426
0 0.08822200392927308 0.21841623036649216 0.16416502946954814 0.15215968586387435
0 0.23783889980353634 0.13544502617801046 0.09012770137524558 0.11710732984293194
0 0.21204322200392928 0.22833769633507853 0.07780943025540273 0.0901701570680628
0 0.3831728880157171 0.4723167539267016 0.06644400785854615 0.09713350785340319
0 0.2782907662082515 0.4542015706806283 0.09979371316306486 0.1263350785340314
0 0.2819842829076621 0.571086387434555 0.10227897838899803 0.11797120418848167
0 0.5895874263261297 0.3913612565445026 0.1649312377210217 0.2100785340314136
0 0.5510314341846759 0.5056675392670157 0.18114931237721024 0.24236910994764393
0 0.6498428290766208 0.6232460732984294 0.12957760314341854 0.20638743455497377
1 0.03417485265225932 0.5137958115183247 0.06342829076620825 0.08192408376963355