0 0.6310114660114661 0.6515120087336245 0.34201474201474213 0.4296670305676856
0 0.12894348894348895 0.6180021834061136 0.1650696150696151 0.33717248908296954
0 0.3104709254709255 0.7275436681222707 0.11861998361998365 0.17415393013100447
0 0.3751883701883702 0.43257096069868994 0.2780876330876331 0.2574290393013101
0 0.5105200655200656 0.2795906113537118 0.23479524979524974 0.23894650655021835
1 0.30543816543816543 0.7175491266375545 0.05122440622440619 0.07774563318777283
1 0.14316953316953318 0.6322652838427947 0.05428746928746926 0.0818504366812226
1 0.24427518427518427 0.5296342794759825 0.04083128583128585 0.062183406113537155
0 0.2669246519246519 0.48205786026200875 0.14891891891891895 0.22175764192139738
1 0.3531900081900082 0.44657205240174674 0.10578214578214576 0.07436681222707424
1 0.5847993447993448 0.6473689956331878 0.09943898443898441 0.12661026200873352