0 0.5259135559921414 0.31791884816753924 0.14810412573673867 0.1777225130890052
0 0.35316306483300586 0.4222643979057592 0.2765717092337917 0.3406151832460733
0 0.210992141453831 0.8706282722513089 0.1898231827111984 0.2259685863874347
0 0.4018271119842829 0.6601570680628273 0.2068958742632613 0.24373036649214663
0 0.5600785854616895 0.4729712041884817 0.1108251473477406 0.13116492146596864
1 0.3262475442043222 0.4665052356020943 0.11222986247544205 0.11821989528795818
1 0.3663948919449902 0.6618193717277487 0.08691552062868371 0.10634816753926701
1 0.20700392927308447 0.8488350785340314 0.06528487229862473 0.09753926701570678
1 0.14397838899803536 0.7917670157068062 0.03413555992141454 0.03736910994764392
0 0.13549115913555992 0.7890445026178011 0.16539292730844793 0.1743062827225132
0 0.3049410609037328 0.9138481675392669 0.13668958742632611 0.16184554973822002