0 0.3426031434184676 0.15759162303664923 0.1891257367387033 0.1842931937172775
0 0.4119155206286837 0.40666230366492145 0.19268172888015714 0.26357329842931937
0 0.5543222003929272 0.47019633507853403 0.14872298624754424 0.16236910994764392
0 0.862278978388998 0.8996204188481675 0.15776031434184667 0.16310209424083758
0 0.9647053045186641 0.8186780104712043 0.06959724950884077 0.24992146596858647
0 0.09960707269155207 0.4000392670157068 0.13045186640471515 0.19142670157068062
0 0.23789783889980354 0.2766361256544502 0.21302554027504914 0.216217277486911
0 0.24240667976424363 0.4660078534031413 0.09924361493123775 0.14994764397905752
0 0.5393811394891945 0.616413612565445 0.09153241650294702 0.1006151832460733
1 0.23097249508840864 0.3007591623036649 0.07638506876227896 0.07140052356020944
1 0.11690569744597251 0.39141361256544505 0.042249508840864446 0.06947643979057597
1 0.2431335952848723 0.4464528795811518 0.03932220039292728 0.05849476439790568
1 0.4054813359528487 0.4256020942408377 0.05948919449901763 0.08876963350785347
1 0.5321807465618861 0.6079188481675393 0.03538310412573672 0.05418848167539264