3 0.23515625 0.2375 0.09609375 0.16171875
3 0.34296875 0.265625 0.1671875 0.209375
3 0.97890625 0.28046875 0.0421875 0.1921875
2 0.76640625 0.375 0.11875 0.15859375
3 0.603125 0.38203125 0.1390625 0.2296875
3 0.6515625 0.53515625 0.17890625 0.22890625
2 0.36875 0.57578125 0.0984375 0.15546875
3 0.2203125 0.65234375 0.11484375 0.27734375
2 0.44609375 0.67890625 0.1265625 0.1765625
2 0.278125 0.7140625 0.15078125 0.24921875
3 0.64375 0.925 0.1453125 0.15
2 0.85859375 0.92890625 0.109375 0.14140625
2 0.4 0.953125 0.0984375 0.09375
3 0.9546875 0.95390625 0.090625 0.0921875