3 0.43359375 0.09609375 0.16484375 0.1921875
3 0.2703125 0.090625 0.16640625 0.14765625
3 0.66875 0.2703125 0.125 0.2078125
3 0.06953125 0.28046875 0.1390625 0.1921875
3 0.26796875 0.28515625 0.153125 0.2421875
3 0.76875 0.3234375 0.1953125 0.24765625
3 0.56328125 0.36015625 0.15546875 0.215625
2 0.3734375 0.3734375 0.10625 0.1546875
3 0.2046875 0.57421875 0.196875 0.24921875
2 0.3734375 0.63984375 0.1640625 0.16796875
2 0.8171875 0.68828125 0.11875 0.1390625
2 0.57421875 0.72734375 0.12109375 0.20859375
3 0.7203125 0.78359375 0.1796875 0.24609375
3 0.0078125 0.95390625 0.015625 0.0921875
3 0.11796875 0.959375 0.18359375 0.08046875