2 0.196875 0.05390625 0.18203125 0.1078125
3 0.09296875 0.19765625 0.1859375 0.1921875
3 0.340625 0.20390625 0.2171875 0.20234375
3 0.82265625 0.22421875 0.17890625 0.1328125
2 0.71875 0.2734375 0.14609375 0.18125
3 0.55234375 0.35546875 0.228125 0.2265625
3 0.253125 0.39765625 0.1671875 0.2
3 0.12421875 0.41640625 0.18515625 0.22265625
3 0.86484375 0.46640625 0.2453125 0.26328125
3 0.48203125 0.5375 0.1890625 0.16015625
3 0.31484375 0.5546875 0.22578125 0.265625
3 0.575 0.6828125 0.15625 0.18046875