3 0.2203125 0.22421875 0.19609375 0.16328125
3 0.68359375 0.40546875 0.19296875 0.1859375
2 0.0796875 0.45859375 0.15625 0.18203125
3 0.47109375 0.47109375 0.209375 0.215625
3 0.82109375 0.5046875 0.19140625 0.1546875
3 0.96328125 0.53359375 0.0734375 0.178125
3 0.16015625 0.565625 0.19296875 0.2140625
3 0.61484375 0.63359375 0.19375 0.16796875
3 0.8796875 0.7546875 0.15625 0.134375
3 0.55 0.79296875 0.2265625 0.18125
3 0.06015625 0.81015625 0.1203125 0.18828125
3 0.33984375 0.8359375 0.16640625 0.196875
3 0.7578125 0.87421875 0.18828125 0.17265625
3 0.496875 0.93203125 0.134375 0.1359375
2 0.8390625 0.9828125 0.1421875 0.034375
3 0.621875 0.1734375 0.2 0.20078125