3 0.790625 0.54375 0.05859375 0.04375
3 0.3734375 0.57109375 0.0390625 0.05546875
2 0.30234375 0.58203125 0.03671875 0.04609375
3 0.2328125 0.6046875 0.071875 0.0546875
3 0.3328125 0.6078125 0.03984375 0.05078125
3 0.11875 0.63671875 0.04765625 0.05859375
2 0.9234375 0.64921875 0.04453125 0.0734375
2 0.315625 0.65 0.04140625 0.0390625
3 0.2296875 0.69296875 0.0546875 0.05234375
3 0.17265625 0.70546875 0.03203125 0.0453125
2 0.10703125 0.70859375 0.0390625 0.05390625
3 0.090625 0.74921875 0.06640625 0.0640625
3 0.97109375 0.75546875 0.0578125 0.09453125
3 0.053125 0.77890625 0.0734375 0.07578125
3 0.11796875 0.88046875 0.07109375 0.10078125
3 0.01015625 0.9 0.0203125 0.1109375
3 0.06796875 0.90625 0.08984375 0.10859375
3 0.025 0.97734375 0.05 0.0453125