3 0.98671875 0.0375 0.0265625 0.075
3 0.95625 0.12109375 0.0875 0.1640625
3 0.796875 0.1296875 0.08046875 0.1
2 0.66171875 0.171875 0.08671875 0.11484375
3 0.89296875 0.18828125 0.07421875 0.11484375
3 0.75 0.2328125 0.1046875 0.1203125
3 0.878125 0.2359375 0.1140625 0.15078125
2 0.6265625 0.27421875 0.07421875 0.14375
3 0.80625 0.27734375 0.11640625 0.1765625
3 0.59765625 0.36484375 0.13359375 0.165625
3 0.76328125 0.40703125 0.13125 0.15234375
2 0.490625 0.4515625 0.16484375 0.171875
3 0.4171875 0.571875 0.13515625 0.175
3 0.62734375 0.61875 0.178125 0.2890625
3 0.37265625 0.80703125 0.2171875 0.22109375