2 0.89375 0.02265625 0.175 0.04453125
3 0.9375 0.0625 0.125 0.12421875
2 0.5796875 0.05234375 0.109375 0.075
2 0.503125 0.14453125 0.14765625 0.12421875
2 0.64296875 0.30390625 0.125 0.075
2 0.59765625 0.4265625 0.15 0.09375
2 0.69765625 0.60390625 0.171875 0.1046875
2 0.07578125 0.71796875 0.1515625 0.1296875
2 0.43046875 0.7484375 0.19296875 0.225
2 0.12578125 0.7671875 0.1234375 0.1
2 0.35625 0.85390625 0.20078125 0.1421875
3 0.2078125 0.90390625 0.3984375 0.1875
2 0.18125 0.96328125 0.24375 0.07265625